Bub 1 0.012791
  Start: N 0
  0 258.919754 0 0 0 1
  0.0251046025 258.693853 0 0 0 1
  0.050209205 258.498257 0 0 0 1
  0.0753138075 258.332174 0 0 0 1
  0.10041841 258.194031 0 0 0 1
  0.125523013 258.082902 0 0 0 1
  0.150627615 257.997433 0 0 0 1
  0.175732218 257.937097 0 0 0 1
  0.20083682 257.900976 0 0 0 1
  0.225941423 257.888943 0 0 0 1
  0.251046025 257.900879 0 0 0 1
  0.276150628 257.936839 0 0 0 1
  0.30125523 257.997398 0 0 0 1
  0.326359833 258.082803 0 0 0 1
  0.351464435 258.194062 0 0 0 1
  0.376569038 258.332216 0 0 0 1
  0.40167364 258.498467 0 0 0 1
  0.426778243 258.693838 0 0 0 1
  0.451882845 258.919836 0 0 0 1
  0.476987448 259.178161 0 0 0 1
  0.50209205 259.470036 0 0 0 1
  0.527196653 259.796670 0 0 0 1
  0.552301255 260.158974 0 0 0 1
  0.577405858 260.557692 0 0 0 1
  0.60251046 260.992757 0 0 0 1
  0.627615063 261.463415 0 0 0 1
  0.652719665 261.967954 0 0 0 1
  0.677824268 262.503322 0 0 0 1
  0.70292887 263.064973 0 0 0 1
  0.728033473 263.646581 0 0 0 1
  0.753138075 264.239695 0 0 0 1
  0.778242678 264.833591 0 0 0 1
  0.80334728 265.415116 0 0 0 1
  0.828451883 265.968649 0 0 0 1
  0.853556485 266.476515 0 0 0 1
  0.878661088 266.919266 0 0 0 1
  0.90376569 267.276681 0 0 0 1
  0.928870293 267.528884 0 0 0 1
  0.953974895 267.657678 0 0 0 1
  0.979079498 267.648703 0 0 0 1
  1.0041841 267.492346 0 0 0 1
  1.0292887 267.186008 0 0 0 1
  1.05439331 266.734539 0 0 0 1
  1.07949791 266.151076 0 0 0 1
  1.10460251 265.456489 0 0 0 1
  1.12970711 264.678482 0 0 0 1
  1.15481172 263.849647 0 0 0 1
  1.17991632 263.005697 0 0 0 1
  1.20502092 262.183428 0 0 0 1
  1.23012552 261.418557 0 0 0 1
  1.25523013 260.743779 0 0 0 1
  1.28033473 260.187672 0 0 0 1
  1.30543933 259.773277 0 0 0 1
  1.33054393 259.517737 0 0 0 1
  1.35564854 259.431397 0 0 0 1
  1.38075314 259.517740 0 0 0 1
  1.40585774 259.773262 0 0 0 1
  1.43096234 260.187614 0 0 0 1
  1.45606695 260.743762 0 0 0 1
  1.48117155 261.418570 0 0 0 1
  1.50627615 262.183453 0 0 0 1
  1.53138075 263.005727 0 0 0 1
  1.55648536 263.849587 0 0 0 1
  1.58158996 264.678481 0 0 0 1
  1.60669456 265.456479 0 0 0 1
  1.63179916 266.151061 0 0 0 1
  1.65690377 266.734501 0 0 0 1
  1.68200837 267.185978 0 0 0 1
  1.70711297 267.492397 0 0 0 1
  1.73221757 267.648721 0 0 0 1
  1.75732218 267.657764 0 0 0 1
  1.78242678 267.528866 0 0 0 1
  1.80753138 267.276692 0 0 0 1
  1.83263598 266.919258 0 0 0 1
  1.85774059 266.476482 0 0 0 1
  1.88284519 265.968648 0 0 0 1
  1.90794979 265.415103 0 0 0 1
  1.93305439 264.833608 0 0 0 1
  1.958159 264.239702 0 0 0 1
  1.9832636 263.646579 0 0 0 1
  2.0083682 263.064966 0 0 0 1
  2.0334728 262.503297 0 0 0 1
  2.05857741 261.967985 0 0 0 1
  2.08368201 261.463416 0 0 0 1
  2.10878661 260.992780 0 0 0 1
  2.13389121 260.557709 0 0 0 1
  2.15899582 260.158907 0 0 0 1
  2.18410042 259.796657 0 0 0 1
  2.20920502 259.469926 0 0 0 1
  2.23430962 259.178232 0 0 0 1
  2.25941423 258.919793 0 0 0 1
  2.28451883 258.693738 0 0 0 1
  2.30962343 258.498195 0 0 0 1
  2.33472803 258.332095 0 0 0 1
  2.35983264 258.194074 0 0 0 1
  2.38493724 258.082829 0 0 0 1
  2.41004184 257.997361 0 0 0 1
  2.43514644 257.936791 0 0 0 1
  2.46025105 257.900788 0 0 0 1
  2.48535565 257.888794 0 0 0 1
  2.51046025 257.900880 0 0 0 1
  2.53556485 257.936860 0 0 0 1
  2.56066946 257.997353 0 0 0 1
  2.58577406 258.082729 0 0 0 1
  2.61087866 258.193998 0 0 0 1
  2.63598326 258.332254 0 0 0 1
  2.66108787 258.498431 0 0 0 1
  2.68619247 258.693678 0 0 0 1
  2.71129707 258.919806 0 0 0 1
  2.73640167 259.178141 0 0 0 1
  2.76150628 259.469989 0 0 0 1
  2.78661088 259.796583 0 0 0 1
  2.81171548 260.159003 0 0 0 1
  2.83682008 260.557695 0 0 0 1
  2.86192469 260.992763 0 0 0 1
  2.88702929 261.463454 0 0 0 1
  2.91213389 261.967944 0 0 0 1
  2.93723849 262.503308 0 0 0 1
  2.9623431 263.064973 0 0 0 1
  2.9874477 263.646580 0 0 0 1
  3.0125523 264.239698 0 0 0 1
  3.0376569 264.833604 0 0 0 1
  3.06276151 265.415105 0 0 0 1
  3.08786611 265.968655 0 0 0 1
  3.11297071 266.476489 0 0 0 1
  3.13807531 266.919269 0 0 0 1
  3.16317992 267.276691 0 0 0 1
  3.18828452 267.528895 0 0 0 1
  3.21338912 267.657719 0 0 0 1
  3.23849372 267.648718 0 0 0 1
  3.26359833 267.492353 0 0 0 1
  3.28870293 267.185971 0 0 0 1
  3.31380753 266.734536 0 0 0 1
  3.33891213 266.151108 0 0 0 1
  3.36401674 265.456495 0 0 0 1
  3.38912134 264.678472 0 0 0 1
  3.41422594 263.849612 0 0 0 1
  3.43933054 263.005734 0 0 0 1
  3.46443515 262.183519 0 0 0 1
  3.48953975 261.418554 0 0 0 1
  3.51464435 260.743794 0 0 0 1
  3.53974895 260.187637 0 0 0 1
  3.56485356 259.773284 0 0 0 1
  3.58995816 259.517750 0 0 0 1
  3.61506276 259.431409 0 0 0 1
  3.64016736 259.517757 0 0 0 1
  3.66527197 259.773275 0 0 0 1
  3.69037657 260.187647 0 0 0 1
  3.71548117 260.743759 0 0 0 1
  3.74058577 261.418541 0 0 0 1
  3.76569038 262.183442 0 0 0 1
  3.79079498 263.005681 0 0 0 1
  3.81589958 263.849641 0 0 0 1
  3.84100418 264.678509 0 0 0 1
  3.86610879 265.456539 0 0 0 1
  3.89121339 266.151088 0 0 0 1
  3.91631799 266.734531 0 0 0 1
  3.94142259 267.185990 0 0 0 1
  3.9665272 267.492370 0 0 0 1
  3.9916318 267.648700 0 0 0 1
  4.0167364 267.657726 0 0 0 1
  4.041841 267.528852 0 0 0 1
  4.06694561 267.276666 0 0 0 1
  4.09205021 266.919256 0 0 0 1
  4.11715481 266.476528 0 0 0 1
  4.14225941 265.968655 0 0 0 1
  4.16736402 265.415093 0 0 0 1
  4.19246862 264.833592 0 0 0 1
  4.21757322 264.239694 0 0 0 1
  4.24267782 263.646579 0 0 0 1
  4.26778243 263.064973 0 0 0 1
  4.29288703 262.503301 0 0 0 1
  4.31799163 261.967965 0 0 0 1
  4.34309623 261.463473 0 0 0 1
  4.36820084 260.992775 0 0 0 1
  4.39330544 260.557721 0 0 0 1
  4.41841004 260.159028 0 0 0 1
  4.44351464 259.796550 0 0 0 1
  4.46861925 259.470056 0 0 0 1
  4.49372385 259.178125 0 0 0 1
  End: C 4.49372385
