Bub 1 0.012791
  Start: N 0
  0 258.922939 0 0 0 1
  0.0251046025 258.696785 0 0 0 1
  0.050209205 258.501353 0 0 0 1
  0.0753138075 258.335240 0 0 0 1
  0.10041841 258.197132 0 0 0 1
  0.125523013 258.085852 0 0 0 1
  0.150627615 258.000391 0 0 0 1
  0.175732218 257.939938 0 0 0 1
  0.20083682 257.903909 0 0 0 1
  0.225941423 257.891938 0 0 0 1
  0.251046025 257.903909 0 0 0 1
  0.276150628 257.939939 0 0 0 1
  0.30125523 258.000390 0 0 0 1
  0.326359833 258.085852 0 0 0 1
  0.351464435 258.197132 0 0 0 1
  0.376569038 258.335240 0 0 0 1
  0.40167364 258.501351 0 0 0 1
  0.426778243 258.696782 0 0 0 1
  0.451882845 258.922933 0 0 0 1
  0.476987448 259.181238 0 0 0 1
  0.50209205 259.473077 0 0 0 1
  0.527196653 259.799691 0 0 0 1
  0.552301255 260.162066 0 0 0 1
  0.577405858 260.560781 0 0 0 1
  0.60251046 260.995853 0 0 0 1
  0.627615063 261.466523 0 0 0 1
  0.652719665 261.971042 0 0 0 1
  0.677824268 262.506401 0 0 0 1
  0.70292887 263.068059 0 0 0 1
  0.728033473 263.649666 0 0 0 1
  0.753138075 264.242783 0 0 0 1
  0.778242678 264.836679 0 0 0 1
  0.80334728 265.418187 0 0 0 1
  0.828451883 265.971736 0 0 0 1
  0.853556485 266.479589 0 0 0 1
  0.878661088 266.922339 0 0 0 1
  0.90376569 267.279751 0 0 0 1
  0.928870293 267.531931 0 0 0 1
  0.953974895 267.660802 0 0 0 1
  0.979079498 267.651779 0 0 0 1
  1.0041841 267.495445 0 0 0 1
  1.0292887 267.189070 0 0 0 1
  1.05439331 266.737619 0 0 0 1
  1.07949791 266.154191 0 0 0 1
  1.10460251 265.459655 0 0 0 1
  1.12970711 264.681613 0 0 0 1
  1.15481172 263.852756 0 0 0 1
  1.17991632 263.008844 0 0 0 1
  1.20502092 262.186604 0 0 0 1
  1.23012552 261.421683 0 0 0 1
  1.25523013 260.746890 0 0 0 1
  1.28033473 260.190744 0 0 0 1
  1.30543933 259.776389 0 0 0 1
  1.33054393 259.520846 0 0 0 1
  1.35564854 259.434500 0 0 0 1
  1.38075314 259.520846 0 0 0 1
  1.40585774 259.776389 0 0 0 1
  1.43096234 260.190742 0 0 0 1
  1.45606695 260.746893 0 0 0 1
  1.48117155 261.421697 0 0 0 1
  1.50627615 262.186629 0 0 0 1
  1.53138075 263.008897 0 0 0 1
  1.55648536 263.852841 0 0 0 1
  1.58158996 264.681746 0 0 0 1
  1.60669456 265.459841 0 0 0 1
  1.63179916 266.154434 0 0 0 1
  1.65690377 266.737916 0 0 0 1
  1.68200837 267.189409 0 0 0 1
  1.70711297 267.495818 0 0 0 1
  1.73221757 267.652169 0 0 0 1
  1.75732218 267.661198 0 0 0 1
  1.78242678 267.532320 0 0 0 1
  1.80753138 267.280124 0 0 0 1
  1.83263598 266.922686 0 0 0 1
  1.85774059 266.479911 0 0 0 1
  1.88284519 265.972027 0 0 0 1
  1.90794979 265.418443 0 0 0 1
  1.93305439 264.836903 0 0 0 1
  1.958159 264.242976 0 0 0 1
  1.9832636 263.649826 0 0 0 1
  2.0083682 263.068193 0 0 0 1
  2.0334728 262.506508 0 0 0 1
  2.05857741 261.971128 0 0 0 1
  2.08368201 261.466590 0 0 0 1
  2.10878661 260.995903 0 0 0 1
  2.13389121 260.560818 0 0 0 1
  2.15899582 260.162093 0 0 0 1
  2.18410042 259.799711 0 0 0 1
  2.20920502 259.473089 0 0 0 1
  2.23430962 259.181246 0 0 0 1
  2.25941423 258.922938 0 0 0 1
  2.28451883 258.696783 0 0 0 1
  2.30962343 258.501353 0 0 0 1
  2.33472803 258.335240 0 0 0 1
  2.35983264 258.197134 0 0 0 1
  2.38493724 258.085852 0 0 0 1
  2.41004184 258.000391 0 0 0 1
  2.43514644 257.939940 0 0 0 1
  2.46025105 257.903910 0 0 0 1
  2.48535565 257.891940 0 0 0 1
  2.51046025 257.903908 0 0 0 1
  2.53556485 257.939938 0 0 0 1
  2.56066946 258.000390 0 0 0 1
  2.58577406 258.085851 0 0 0 1
  2.61087866 258.197133 0 0 0 1
  2.63598326 258.335241 0 0 0 1
  2.66108787 258.501352 0 0 0 1
  2.68619247 258.696781 0 0 0 1
  2.71129707 258.922934 0 0 0 1
  2.73640167 259.181237 0 0 0 1
  2.76150628 259.473076 0 0 0 1
  2.78661088 259.799693 0 0 0 1
  2.81171548 260.162066 0 0 0 1
  2.83682008 260.560782 0 0 0 1
  2.86192469 260.995852 0 0 0 1
  2.88702929 261.466524 0 0 0 1
  2.91213389 261.971043 0 0 0 1
  2.93723849 262.506400 0 0 0 1
  2.9623431 263.068059 0 0 0 1
  2.9874477 263.649665 0 0 0 1
  3.0125523 264.242783 0 0 0 1
  3.0376569 264.836678 0 0 0 1
  3.06276151 265.418186 0 0 0 1
  3.08786611 265.971737 0 0 0 1
  3.11297071 266.479589 0 0 0 1
  3.13807531 266.922339 0 0 0 1
  3.16317992 267.279750 0 0 0 1
  3.18828452 267.531930 0 0 0 1
  3.21338912 267.660801 0 0 0 1
  3.23849372 267.651778 0 0 0 1
  3.26359833 267.495445 0 0 0 1
  3.28870293 267.189071 0 0 0 1
  3.31380753 266.737619 0 0 0 1
  3.33891213 266.154187 0 0 0 1
  3.36401674 265.459654 0 0 0 1
  3.38912134 264.681613 0 0 0 1
  3.41422594 263.852754 0 0 0 1
  3.43933054 263.008844 0 0 0 1
  3.46443515 262.186603 0 0 0 1
  3.48953975 261.421684 0 0 0 1
  3.51464435 260.746890 0 0 0 1
  3.53974895 260.190742 0 0 0 1
  3.56485356 259.776389 0 0 0 1
  3.58995816 259.520848 0 0 0 1
  3.61506276 259.434501 0 0 0 1
  3.64016736 259.520846 0 0 0 1
  3.66527197 259.776390 0 0 0 1
  3.69037657 260.190743 0 0 0 1
  3.71548117 260.746892 0 0 0 1
  3.74058577 261.421696 0 0 0 1
  3.76569038 262.186629 0 0 0 1
  3.79079498 263.008896 0 0 0 1
  3.81589958 263.852839 0 0 0 1
  3.84100418 264.681747 0 0 0 1
  3.86610879 265.459842 0 0 0 1
  3.89121339 266.154432 0 0 0 1
  3.91631799 266.737915 0 0 0 1
  3.94142259 267.189408 0 0 0 1
  3.9665272 267.495815 0 0 0 1
  3.9916318 267.652169 0 0 0 1
  4.0167364 267.661198 0 0 0 1
  4.041841 267.532318 0 0 0 1
  4.06694561 267.280123 0 0 0 1
  4.09205021 266.922688 0 0 0 1
  4.11715481 266.479909 0 0 0 1
  4.14225941 265.972025 0 0 0 1
  4.16736402 265.418444 0 0 0 1
  4.19246862 264.836904 0 0 0 1
  4.21757322 264.242974 0 0 0 1
  4.24267782 263.649826 0 0 0 1
  4.26778243 263.068193 0 0 0 1
  4.29288703 262.506509 0 0 0 1
  4.31799163 261.971126 0 0 0 1
  4.34309623 261.466589 0 0 0 1
  4.36820084 260.995903 0 0 0 1
  4.39330544 260.560819 0 0 0 1
  4.41841004 260.162092 0 0 0 1
  4.44351464 259.799709 0 0 0 1
  4.46861925 259.473089 0 0 0 1
  4.49372385 259.181246 0 0 0 1
  End: C 4.49372385
