Bub 1 0.012791
  Start: N 0
  0 258.855939 0 0 0 1
  0.0251046025 258.638142 0 0 0 1
  0.050209205 258.452014 0 0 0 1
  0.0753138075 258.295671 0 0 0 1
  0.10041841 258.166842 0 0 0 1
  0.125523013 258.063148 0 0 0 1
  0.150627615 257.982406 0 0 0 1
  0.175732218 257.922781 0 0 0 1
  0.20083682 257.882875 0 0 0 1
  0.225941423 257.861725 0 0 0 1
  0.251046025 257.882844 0 0 0 1
  0.276150628 257.922750 0 0 0 1
  0.30125523 257.982406 0 0 0 1
  0.326359833 258.063117 0 0 0 1
  0.351464435 258.166842 0 0 0 1
  0.376569038 258.295702 0 0 0 1
  0.40167364 258.452045 0 0 0 1
  0.426778243 258.638142 0 0 0 1
  0.451882845 258.855939 0 0 0 1
  0.476987448 259.106813 0 0 0 1
  0.50209205 259.433319 0 0 0 1
  0.527196653 259.789098 0 0 0 1
  0.552301255 260.173959 0 0 0 1
  0.577405858 260.589117 0 0 0 1
  0.60251046 261.037081 0 0 0 1
  0.627615063 261.520418 0 0 0 1
  0.652719665 262.039415 0 0 0 1
  0.677824268 262.589178 0 0 0 1
  0.70292887 263.159010 0 0 0 1
  0.728033473 263.734921 0 0 0 1
  0.753138075 264.304814 0 0 0 1
  0.778242678 264.861255 0 0 0 1
  0.80334728 265.398620 0 0 0 1
  0.828451883 265.908005 0 0 0 1
  0.853556485 266.374988 0 0 0 1
  0.878661088 266.781213 0 0 0 1
  0.90376569 267.106563 0 0 0 1
  0.928870293 267.331141 0 0 0 1
  0.953974895 267.437028 0 0 0 1
  0.979079498 267.409676 0 0 0 1
  1.0041841 267.239471 0 0 0 1
  1.0292887 266.923314 0 0 0 1
  1.05439331 266.466233 0 0 0 1
  1.07949791 265.882520 0 0 0 1
  1.10460251 265.193527 0 0 0 1
  1.12970711 264.495850 0 0 0 1
  1.15481172 263.738316 0 0 0 1
  1.17991632 262.945962 0 0 0 1
  1.20502092 262.160145 0 0 0 1
  1.23012552 261.427718 0 0 0 1
  1.25523013 260.780670 0 0 0 1
  1.28033473 260.234663 0 0 0 1
  1.30543933 259.803809 0 0 0 1
  1.33054393 259.509132 0 0 0 1
  1.35564854 259.372678 0 0 0 1
  1.38075314 259.509132 0 0 0 1
  1.40585774 259.803809 0 0 0 1
  1.43096234 260.234632 0 0 0 1
  1.45606695 260.780670 0 0 0 1
  1.48117155 261.427718 0 0 0 1
  1.50627615 262.160082 0 0 0 1
  1.53138075 262.945805 0 0 0 1
  1.55648536 263.738096 0 0 0 1
  1.58158996 264.495535 0 0 0 1
  1.60669456 265.192958 0 0 0 1
  1.63179916 265.881664 0 0 0 1
  1.65690377 266.465153 0 0 0 1
  1.68200837 266.922232 0 0 0 1
  1.70711297 267.238356 0 0 0 1
  1.73221757 267.408624 0 0 0 1
  1.75732218 267.436168 0 0 0 1
  1.78242678 267.330599 0 0 0 1
  1.80753138 267.106245 0 0 0 1
  1.83263598 266.781054 0 0 0 1
  1.85774059 266.374924 0 0 0 1
  1.88284519 265.907941 0 0 0 1
  1.90794979 265.398556 0 0 0 1
  1.93305439 264.861161 0 0 0 1
  1.958159 264.304719 0 0 0 1
  1.9832636 263.734827 0 0 0 1
  2.0083682 263.158948 0 0 0 1
  2.0334728 262.589178 0 0 0 1
  2.05857741 262.039477 0 0 0 1
  2.08368201 261.520512 0 0 0 1
  2.10878661 261.037175 0 0 0 1
  2.13389121 260.589211 0 0 0 1
  2.15899582 260.174021 0 0 0 1
  2.18410042 259.789129 0 0 0 1
  2.20920502 259.433319 0 0 0 1
  2.23430962 259.106844 0 0 0 1
  2.25941423 258.855939 0 0 0 1
  2.28451883 258.638142 0 0 0 1
  2.30962343 258.452014 0 0 0 1
  2.33472803 258.295671 0 0 0 1
  2.35983264 258.166842 0 0 0 1
  2.38493724 258.063117 0 0 0 1
  2.41004184 257.982406 0 0 0 1
  2.43514644 257.922750 0 0 0 1
  2.46025105 257.882844 0 0 0 1
  2.48535565 257.861694 0 0 0 1
  2.51046025 257.882844 0 0 0 1
  2.53556485 257.922750 0 0 0 1
  2.56066946 257.982375 0 0 0 1
  2.58577406 258.063117 0 0 0 1
  2.61087866 258.166811 0 0 0 1
  2.63598326 258.295702 0 0 0 1
  2.66108787 258.452045 0 0 0 1
  2.68619247 258.638111 0 0 0 1
  2.71129707 258.855939 0 0 0 1
  2.73640167 259.106813 0 0 0 1
  2.76150628 259.433319 0 0 0 1
  2.78661088 259.789098 0 0 0 1
  2.81171548 260.173959 0 0 0 1
  2.83682008 260.589117 0 0 0 1
  2.86192469 261.037081 0 0 0 1
  2.88702929 261.520418 0 0 0 1
  2.91213389 262.039415 0 0 0 1
  2.93723849 262.589178 0 0 0 1
  2.9623431 263.159010 0 0 0 1
  2.9874477 263.734890 0 0 0 1
  3.0125523 264.304782 0 0 0 1
  3.0376569 264.861255 0 0 0 1
  3.06276151 265.398651 0 0 0 1
  3.08786611 265.908005 0 0 0 1
  3.11297071 266.374988 0 0 0 1
  3.13807531 266.781213 0 0 0 1
  3.16317992 267.106563 0 0 0 1
  3.18828452 267.331141 0 0 0 1
  3.21338912 267.437028 0 0 0 1
  3.23849372 267.409676 0 0 0 1
  3.26359833 267.239471 0 0 0 1
  3.28870293 266.923314 0 0 0 1
  3.31380753 266.466202 0 0 0 1
  3.33891213 265.882488 0 0 0 1
  3.36401674 265.193527 0 0 0 1
  3.38912134 264.495850 0 0 0 1
  3.41422594 263.738316 0 0 0 1
  3.43933054 262.945962 0 0 0 1
  3.46443515 262.160145 0 0 0 1
  3.48953975 261.427718 0 0 0 1
  3.51464435 260.780670 0 0 0 1
  3.53974895 260.234632 0 0 0 1
  3.56485356 259.803809 0 0 0 1
  3.58995816 259.509132 0 0 0 1
  3.61506276 259.372678 0 0 0 1
  3.64016736 259.509132 0 0 0 1
  3.66527197 259.803809 0 0 0 1
  3.69037657 260.234632 0 0 0 1
  3.71548117 260.780670 0 0 0 1
  3.74058577 261.427718 0 0 0 1
  3.76569038 262.160082 0 0 0 1
  3.79079498 262.945805 0 0 0 1
  3.81589958 263.738096 0 0 0 1
  3.84100418 264.495535 0 0 0 1
  3.86610879 265.192958 0 0 0 1
  3.89121339 265.881664 0 0 0 1
  3.91631799 266.465153 0 0 0 1
  3.94142259 266.922232 0 0 0 1
  3.9665272 267.238356 0 0 0 1
  3.9916318 267.408624 0 0 0 1
  4.0167364 267.436168 0 0 0 1
  4.041841 267.330599 0 0 0 1
  4.06694561 267.106245 0 0 0 1
  4.09205021 266.781054 0 0 0 1
  4.11715481 266.374892 0 0 0 1
  4.14225941 265.907910 0 0 0 1
  4.16736402 265.398556 0 0 0 1
  4.19246862 264.861192 0 0 0 1
  4.21757322 264.304719 0 0 0 1
  4.24267782 263.734827 0 0 0 1
  4.26778243 263.158948 0 0 0 1
  4.29288703 262.589178 0 0 0 1
  4.31799163 262.039477 0 0 0 1
  4.34309623 261.520512 0 0 0 1
  4.36820084 261.037175 0 0 0 1
  4.39330544 260.589211 0 0 0 1
  4.41841004 260.174021 0 0 0 1
  4.44351464 259.789129 0 0 0 1
  4.46861925 259.433350 0 0 0 1
  4.49372385 259.106844 0 0 0 1
  4.51882845 258.855970 0 0 0 1
  4.54393305 258.638142 0 0 0 1
  4.56903766 258.452014 0 0 0 1
  4.59414226 258.295671 0 0 0 1
  4.61924686 258.166842 0 0 0 1
  4.64435146 258.063117 0 0 0 1
  4.66945607 257.982375 0 0 0 1
  4.69456067 257.922781 0 0 0 1
  4.71966527 257.882844 0 0 0 1
  4.74476987 257.861694 0 0 0 1
  4.76987448 257.882844 0 0 0 1
  4.79497908 257.922781 0 0 0 1
  4.82008368 257.982375 0 0 0 1
  4.84518828 258.063148 0 0 0 1
  4.87029289 258.166811 0 0 0 1
  4.89539749 258.295702 0 0 0 1
  4.92050209 258.452014 0 0 0 1
  4.94560669 258.638111 0 0 0 1
  4.9707113 258.855939 0 0 0 1
  4.9958159 259.106813 0 0 0 1
  5.0209205 259.433319 0 0 0 1
  5.0460251 259.789098 0 0 0 1
  5.07112971 260.173959 0 0 0 1
  5.09623431 260.589117 0 0 0 1
  5.12133891 261.037081 0 0 0 1
  5.14644351 261.520418 0 0 0 1
  5.17154812 262.039415 0 0 0 1
  5.19665272 262.589178 0 0 0 1
  5.22175732 263.159010 0 0 0 1
  5.24686192 263.734890 0 0 0 1
  5.27196653 264.304814 0 0 0 1
  5.29707113 264.861255 0 0 0 1
  5.32217573 265.398651 0 0 0 1
  5.34728033 265.908005 0 0 0 1
  5.37238494 266.374988 0 0 0 1
  5.39748954 266.781213 0 0 0 1
  5.42259414 267.106563 0 0 0 1
  5.44769874 267.331173 0 0 0 1
  5.47280335 267.437028 0 0 0 1
  5.49790795 267.409676 0 0 0 1
  5.52301255 267.239471 0 0 0 1
  5.54811715 266.923314 0 0 0 1
  5.57322176 266.466233 0 0 0 1
  5.59832636 265.882520 0 0 0 1
  5.62343096 265.193527 0 0 0 1
  5.64853556 264.495850 0 0 0 1
  5.67364017 263.738316 0 0 0 1
  5.69874477 262.945962 0 0 0 1
  5.72384937 262.160145 0 0 0 1
  5.74895397 261.427718 0 0 0 1
  5.77405858 260.780670 0 0 0 1
  5.79916318 260.234632 0 0 0 1
  5.82426778 259.803809 0 0 0 1
  5.84937238 259.509132 0 0 0 1
  5.87447699 259.372678 0 0 0 1
  5.89958159 259.509132 0 0 0 1
  5.92468619 259.803809 0 0 0 1
  5.94979079 260.234632 0 0 0 1
  5.9748954 260.780670 0 0 0 1
  6 261.427718 0 0 0 1
  End: C 6
