Bub 1 0.012791
  Start: N 0
  0 256.689256 0 0 0 1
  0.0251046025 256.689256 0 0 0 1
  0.050209205 256.689256 0 0 0 1
  0.0753138075 256.689256 0 0 0 1
  0.10041841 256.689256 0 0 0 1
  0.125523013 256.689256 0 0 0 1
  0.150627615 256.689256 0 0 0 1
  0.175732218 256.689256 0 0 0 1
  0.20083682 256.689256 0 0 0 1
  0.225941423 256.689256 0 0 0 1
  0.251046025 256.689256 0 0 0 1
  0.276150628 256.689256 0 0 0 1
  0.30125523 256.689256 0 0 0 1
  0.326359833 256.689256 0 0 0 1
  0.351464435 256.689256 0 0 0 1
  0.376569038 256.689256 0 0 0 1
  0.40167364 256.689256 0 0 0 1
  0.426778243 256.689256 0 0 0 1
  0.451882845 256.689256 0 0 0 1
  0.476987448 256.689256 0 0 0 1
  0.50209205 256.689256 0 0 0 1
  0.527196653 256.689256 0 0 0 1
  0.552301255 256.689256 0 0 0 1
  0.577405858 256.689256 0 0 0 1
  0.60251046 256.689256 0 0 0 1
  0.627615063 256.689256 0 0 0 1
  0.652719665 256.689256 0 0 0 1
  0.677824268 256.689256 0 0 0 1
  0.70292887 256.689256 0 0 0 1
  0.728033473 256.689256 0 0 0 1
  0.753138075 256.689256 0 0 0 1
  0.778242678 256.689256 0 0 0 1
  0.80334728 256.689256 0 0 0 1
  0.828451883 256.689256 0 0 0 1
  0.853556485 256.689256 0 0 0 1
  0.878661088 256.689256 0 0 0 1
  0.90376569 256.689256 0 0 0 1
  0.928870293 256.689256 0 0 0 1
  0.953974895 256.689256 0 0 0 1
  0.979079498 256.689256 0 0 0 1
  1.0041841 256.689256 0 0 0 1
  1.0292887 256.689256 0 0 0 1
  1.05439331 256.689256 0 0 0 1
  1.07949791 256.689256 0 0 0 1
  1.10460251 256.689256 0 0 0 1
  1.12970711 256.689256 0 0 0 1
  1.15481172 256.689256 0 0 0 1
  1.17991632 256.689256 0 0 0 1
  1.20502092 256.689256 0 0 0 1
  1.23012552 256.689256 0 0 0 1
  1.25523013 256.689256 0 0 0 1
  1.28033473 256.689256 0 0 0 1
  1.30543933 256.689256 0 0 0 1
  1.33054393 256.689256 0 0 0 1
  1.35564854 256.689256 0 0 0 1
  1.38075314 256.689256 0 0 0 1
  1.40585774 256.689256 0 0 0 1
  1.43096234 256.689256 0 0 0 1
  1.45606695 256.689256 0 0 0 1
  1.48117155 256.689256 0 0 0 1
  1.50627615 256.689256 0 0 0 1
  1.53138075 256.689256 0 0 0 1
  1.55648536 256.689256 0 0 0 1
  1.58158996 256.689256 0 0 0 1
  1.60669456 256.689256 0 0 0 1
  1.63179916 256.689256 0 0 0 1
  1.65690377 256.689256 0 0 0 1
  1.68200837 256.689256 0 0 0 1
  1.70711297 256.689256 0 0 0 1
  1.73221757 256.689256 0 0 0 1
  1.75732218 256.689256 0 0 0 1
  1.78242678 256.689256 0 0 0 1
  1.80753138 256.689256 0 0 0 1
  1.83263598 256.689256 0 0 0 1
  1.85774059 256.689256 0 0 0 1
  1.88284519 256.689256 0 0 0 1
  1.90794979 256.689256 0 0 0 1
  1.93305439 256.689256 0 0 0 1
  1.958159 256.689256 0 0 0 1
  1.9832636 256.689256 0 0 0 1
  2.0083682 256.689256 0 0 0 1
  2.0334728 256.689256 0 0 0 1
  2.05857741 256.689256 0 0 0 1
  2.08368201 256.689256 0 0 0 1
  2.10878661 256.689256 0 0 0 1
  2.13389121 256.689256 0 0 0 1
  2.15899582 256.689256 0 0 0 1
  2.18410042 256.689256 0 0 0 1
  2.20920502 256.689256 0 0 0 1
  2.23430962 256.689256 0 0 0 1
  2.25941423 256.689256 0 0 0 1
  2.28451883 256.689256 0 0 0 1
  2.30962343 256.689256 0 0 0 1
  2.33472803 256.689256 0 0 0 1
  2.35983264 256.689256 0 0 0 1
  2.38493724 256.689256 0 0 0 1
  2.41004184 256.689256 0 0 0 1
  2.43514644 256.689256 0 0 0 1
  2.46025105 256.689256 0 0 0 1
  2.48535565 256.689256 0 0 0 1
  2.51046025 256.689256 0 0 0 1
  2.53556485 256.689256 0 0 0 1
  2.56066946 256.689256 0 0 0 1
  2.58577406 256.689256 0 0 0 1
  2.61087866 256.689256 0 0 0 1
  2.63598326 256.689256 0 0 0 1
  2.66108787 256.689256 0 0 0 1
  2.68619247 256.689256 0 0 0 1
  2.71129707 256.689256 0 0 0 1
  2.73640167 256.689256 0 0 0 1
  2.76150628 256.689256 0 0 0 1
  2.78661088 256.689256 0 0 0 1
  2.81171548 256.689256 0 0 0 1
  2.83682008 256.689256 0 0 0 1
  2.86192469 256.689256 0 0 0 1
  2.88702929 256.689256 0 0 0 1
  2.91213389 256.689256 0 0 0 1
  2.93723849 256.689256 0 0 0 1
  2.9623431 256.689256 0 0 0 1
  2.9874477 256.689256 0 0 0 1
  3.0125523 256.689256 0 0 0 1
  3.0376569 256.689256 0 0 0 1
  3.06276151 256.689256 0 0 0 1
  3.08786611 256.689256 0 0 0 1
  3.11297071 256.689256 0 0 0 1
  3.13807531 256.689256 0 0 0 1
  3.16317992 256.689256 0 0 0 1
  3.18828452 256.689256 0 0 0 1
  3.21338912 256.689256 0 0 0 1
  3.23849372 256.689256 0 0 0 1
  3.26359833 256.689256 0 0 0 1
  3.28870293 256.689256 0 0 0 1
  3.31380753 256.689256 0 0 0 1
  3.33891213 256.689256 0 0 0 1
  3.36401674 256.689256 0 0 0 1
  3.38912134 256.689256 0 0 0 1
  3.41422594 256.689256 0 0 0 1
  3.43933054 256.689256 0 0 0 1
  3.46443515 256.689256 0 0 0 1
  3.48953975 256.689256 0 0 0 1
  3.51464435 256.689256 0 0 0 1
  3.53974895 256.689256 0 0 0 1
  3.56485356 256.689256 0 0 0 1
  3.58995816 256.689256 0 0 0 1
  3.61506276 256.689256 0 0 0 1
  3.64016736 256.689256 0 0 0 1
  3.66527197 256.689256 0 0 0 1
  3.69037657 256.689256 0 0 0 1
  3.71548117 256.689256 0 0 0 1
  3.74058577 256.689256 0 0 0 1
  3.76569038 256.689256 0 0 0 1
  3.79079498 256.689256 0 0 0 1
  3.81589958 256.689256 0 0 0 1
  3.84100418 256.689256 0 0 0 1
  3.86610879 256.689256 0 0 0 1
  3.89121339 256.689256 0 0 0 1
  3.91631799 256.689256 0 0 0 1
  3.94142259 256.689256 0 0 0 1
  3.9665272 256.689256 0 0 0 1
  3.9916318 256.689256 0 0 0 1
  4.0167364 256.689256 0 0 0 1
  4.041841 256.689256 0 0 0 1
  4.06694561 256.689256 0 0 0 1
  4.09205021 256.689256 0 0 0 1
  4.11715481 256.689256 0 0 0 1
  4.14225941 256.689256 0 0 0 1
  4.16736402 256.689256 0 0 0 1
  4.19246862 256.689256 0 0 0 1
  4.21757322 256.689256 0 0 0 1
  4.24267782 256.689256 0 0 0 1
  4.26778243 256.689256 0 0 0 1
  4.29288703 256.689256 0 0 0 1
  4.31799163 256.689256 0 0 0 1
  4.34309623 256.689256 0 0 0 1
  4.36820084 256.689256 0 0 0 1
  4.39330544 256.689256 0 0 0 1
  4.41841004 256.689256 0 0 0 1
  4.44351464 256.689256 0 0 0 1
  4.46861925 256.689256 0 0 0 1
  4.49372385 256.689256 0 0 0 1
  4.51882845 256.689256 0 0 0 1
  4.54393305 256.689256 0 0 0 1
  4.56903766 256.689256 0 0 0 1
  4.59414226 256.689256 0 0 0 1
  4.61924686 256.689256 0 0 0 1
  4.64435146 256.689256 0 0 0 1
  4.66945607 256.689256 0 0 0 1
  4.69456067 256.689256 0 0 0 1
  4.71966527 256.689256 0 0 0 1
  4.74476987 256.689256 0 0 0 1
  4.76987448 256.689256 0 0 0 1
  4.79497908 256.689256 0 0 0 1
  4.82008368 256.689256 0 0 0 1
  4.84518828 256.689256 0 0 0 1
  4.87029289 256.689256 0 0 0 1
  4.89539749 256.689256 0 0 0 1
  4.92050209 256.689256 0 0 0 1
  4.94560669 256.689256 0 0 0 1
  4.9707113 256.689256 0 0 0 1
  4.9958159 256.689256 0 0 0 1
  5.0209205 256.689256 0 0 0 1
  5.0460251 256.689256 0 0 0 1
  5.07112971 256.689256 0 0 0 1
  5.09623431 256.689256 0 0 0 1
  5.12133891 256.689256 0 0 0 1
  5.14644351 256.689256 0 0 0 1
  5.17154812 256.689256 0 0 0 1
  5.19665272 256.689256 0 0 0 1
  5.22175732 256.689256 0 0 0 1
  5.24686192 256.689256 0 0 0 1
  5.27196653 256.689256 0 0 0 1
  5.29707113 256.689256 0 0 0 1
  5.32217573 256.689256 0 0 0 1
  5.34728033 256.689256 0 0 0 1
  5.37238494 256.689256 0 0 0 1
  5.39748954 256.689256 0 0 0 1
  5.42259414 256.689256 0 0 0 1
  5.44769874 256.689256 0 0 0 1
  5.47280335 256.689256 0 0 0 1
  5.49790795 256.689256 0 0 0 1
  5.52301255 256.689256 0 0 0 1
  5.54811715 256.689256 0 0 0 1
  5.57322176 256.689256 0 0 0 1
  5.59832636 256.689256 0 0 0 1
  5.62343096 256.689256 0 0 0 1
  5.64853556 256.689256 0 0 0 1
  5.67364017 256.689256 0 0 0 1
  5.69874477 256.689256 0 0 0 1
  5.72384937 256.689256 0 0 0 1
  5.74895397 256.689256 0 0 0 1
  5.77405858 256.689256 0 0 0 1
  5.79916318 256.689256 0 0 0 1
  5.82426778 256.689256 0 0 0 1
  5.84937238 256.689256 0 0 0 1
  5.87447699 256.689256 0 0 0 1
  5.89958159 256.689256 0 0 0 1
  5.92468619 256.689256 0 0 0 1
  5.94979079 256.689256 0 0 0 1
  5.9748954 256.689256 0 0 0 1
  6 256.689256 0 0 0 1
  End: C 6
