Bub 1 0.012791
  Start: N 0
  0 260.979036 0 0 0 1
  0.0251046025 261.076329 0 0 0 1
  0.050209205 261.176255 0 0 0 1
  0.0753138075 261.338478 0 0 0 1
  0.10041841 261.610814 0 0 0 1
  0.125523013 261.997380 0 0 0 1
  0.150627615 262.466244 0 0 0 1
  0.175732218 262.971458 0 0 0 1
  0.20083682 263.469332 0 0 0 1
  0.225941423 263.924109 0 0 0 1
  0.251046025 264.315355 0 0 0 1
  0.276150628 264.645201 0 0 0 1
  0.30125523 264.927120 0 0 0 1
  0.326359833 265.172950 0 0 0 1
  0.351464435 265.385765 0 0 0 1
  0.376569038 265.560913 0 0 0 1
  0.40167364 265.695103 0 0 0 1
  0.426778243 265.789716 0 0 0 1
  0.451882845 265.854846 0 0 0 1
  0.476987448 265.905065 0 0 0 1
  0.50209205 265.954473 0 0 0 1
  0.527196653 266.013887 0 0 0 1
  0.552301255 266.089779 0 0 0 1
  0.577405858 266.182010 0 0 0 1
  0.60251046 266.279551 0 0 0 1
  0.627615063 266.359484 0 0 0 1
  0.652719665 266.393660 0 0 0 1
  0.677824268 266.360283 0 0 0 1
  0.70292887 266.251874 0 0 0 1
  0.728033473 266.079025 0 0 0 1
  0.753138075 265.864855 0 0 0 1
  0.778242678 265.635529 0 0 0 1
  0.80334728 265.411717 0 0 0 1
  0.828451883 265.202708 0 0 0 1
  0.853556485 265.006867 0 0 0 1
  0.878661088 264.816680 0 0 0 1
  0.90376569 264.621472 0 0 0 1
  0.928870293 264.411647 0 0 0 1
  0.953974895 264.181841 0 0 0 1
  0.979079498 263.927857 0 0 0 1
  1.0041841 263.646800 0 0 0 1
  1.0292887 263.334862 0 0 0 1
  1.05439331 262.988201 0 0 0 1
  1.07949791 262.605669 0 0 0 1
  1.10460251 262.198048 0 0 0 1
  1.12970711 261.795019 0 0 0 1
  1.15481172 261.441545 0 0 0 1
  1.17991632 261.176081 0 0 0 1
  1.20502092 261.013944 0 0 0 1
  1.23012552 260.947792 0 0 0 1
  1.25523013 260.961364 0 0 0 1
  1.28033473 261.042999 0 0 0 1
  1.30543933 261.190701 0 0 0 1
  1.33054393 261.410993 0 0 0 1
  1.35564854 261.711490 0 0 0 1
  1.38075314 262.094441 0 0 0 1
  1.40585774 262.553202 0 0 0 1
  1.43096234 263.066657 0 0 0 1
  1.45606695 263.605755 0 0 0 1
  1.48117155 264.138467 0 0 0 1
  1.50627615 264.636532 0 0 0 1
  1.53138075 265.083980 0 0 0 1
  1.55648536 265.472966 0 0 0 1
  1.58158996 265.801379 0 0 0 1
  1.60669456 266.072580 0 0 0 1
  1.63179916 266.294141 0 0 0 1
  1.65690377 266.476350 0 0 0 1
  1.68200837 266.631376 0 0 0 1
  1.70711297 266.767630 0 0 0 1
  1.73221757 266.891869 0 0 0 1
  1.75732218 267.007036 0 0 0 1
  1.78242678 267.117195 0 0 0 1
  1.80753138 267.227558 0 0 0 1
  1.83263598 267.345017 0 0 0 1
  1.85774059 267.474466 0 0 0 1
  1.88284519 267.619895 0 0 0 1
  1.90794979 267.778110 0 0 0 1
  1.93305439 267.932335 0 0 0 1
  1.958159 268.051184 0 0 0 1
  1.9832636 268.096826 0 0 0 1
  2.0083682 268.028859 0 0 0 1
  2.0334728 267.813044 0 0 0 1
  2.05857741 267.435032 0 0 0 1
  2.08368201 266.908876 0 0 0 1
  2.10878661 266.269025 0 0 0 1
  2.13389121 265.567472 0 0 0 1
  2.15899582 264.859233 0 0 0 1
  2.18410042 264.189138 0 0 0 1
  2.20920502 263.586857 0 0 0 1
  2.23430962 263.066288 0 0 0 1
  2.25941423 262.629218 0 0 0 1
  2.28451883 262.274124 0 0 0 1
  2.30962343 261.991671 0 0 0 1
  2.33472803 261.766346 0 0 0 1
  2.35983264 261.572043 0 0 0 1
  2.38493724 261.372938 0 0 0 1
  2.41004184 261.126211 0 0 0 1
  2.43514644 260.801238 0 0 0 1
  2.46025105 260.404902 0 0 0 1
  2.48535565 259.986235 0 0 0 1
  2.51046025 259.638491 0 0 0 1
  2.53556485 259.473103 0 0 0 1
  2.56066946 259.564380 0 0 0 1
  2.58577406 259.910018 0 0 0 1
  2.61087866 260.437622 0 0 0 1
  2.63598326 261.048910 0 0 0 1
  2.66108787 261.670044 0 0 0 1
  2.68619247 262.270509 0 0 0 1
  2.71129707 262.837805 0 0 0 1
  2.73640167 263.355640 0 0 0 1
  2.76150628 263.797794 0 0 0 1
  2.78661088 264.141021 0 0 0 1
  2.81171548 264.368872 0 0 0 1
  2.83682008 264.473509 0 0 0 1
  2.86192469 264.455154 0 0 0 1
  2.88702929 264.326936 0 0 0 1
  2.91213389 264.108565 0 0 0 1
  2.93723849 263.821553 0 0 0 1
  2.9623431 263.485349 0 0 0 1
  2.9874477 263.117985 0 0 0 1
  3.0125523 262.738826 0 0 0 1
  3.0376569 262.367774 0 0 0 1
  3.06276151 262.020189 0 0 0 1
  3.08786611 261.705596 0 0 0 1
  3.11297071 261.427717 0 0 0 1
  3.13807531 261.185248 0 0 0 1
  3.16317992 260.974493 0 0 0 1
  3.18828452 260.798400 0 0 0 1
  3.21338912 260.670593 0 0 0 1
  3.23849372 260.603754 0 0 0 1
  3.26359833 260.596380 0 0 0 1
  3.28870293 260.636942 0 0 0 1
  3.31380753 260.716174 0 0 0 1
  3.33891213 260.836227 0 0 0 1
  3.36401674 261.001227 0 0 0 1
  3.38912134 261.209059 0 0 0 1
  3.41422594 261.442674 0 0 0 1
  3.43933054 261.669659 0 0 0 1
  3.46443515 261.856140 0 0 0 1
  3.48953975 261.973608 0 0 0 1
  3.51464435 262.004518 0 0 0 1
  3.53974895 261.932961 0 0 0 1
  3.56485356 261.747835 0 0 0 1
  3.58995816 261.444065 0 0 0 1
  3.61506276 261.037997 0 0 0 1
  3.64016736 260.568935 0 0 0 1
  3.66527197 260.085647 0 0 0 1
  3.69037657 259.635266 0 0 0 1
  3.71548117 259.260321 0 0 0 1
  3.74058577 258.990967 0 0 0 1
  3.76569038 258.842447 0 0 0 1
  3.79079498 258.813342 0 0 0 1
  3.81589958 258.889673 0 0 0 1
  3.84100418 259.048506 0 0 0 1
  3.86610879 259.267697 0 0 0 1
  3.89121339 259.539014 0 0 0 1
  3.91631799 259.857091 0 0 0 1
  3.94142259 260.212994 0 0 0 1
  3.9665272 260.603954 0 0 0 1
  3.9916318 261.024752 0 0 0 1
  4.0167364 261.468839 0 0 0 1
  4.041841 261.930825 0 0 0 1
  4.06694561 262.417177 0 0 0 1
  4.09205021 262.939862 0 0 0 1
  4.11715481 263.513128 0 0 0 1
  4.14225941 264.129718 0 0 0 1
  4.16736402 264.767444 0 0 0 1
  4.19246862 265.393289 0 0 0 1
  4.21757322 265.972338 0 0 0 1
  4.24267782 266.482518 0 0 0 1
  4.26778243 266.907804 0 0 0 1
  4.29288703 267.240847 0 0 0 1
  4.31799163 267.473376 0 0 0 1
  4.34309623 267.596016 0 0 0 1
  4.36820084 267.599777 0 0 0 1
  4.39330544 267.481478 0 0 0 1
  4.41841004 267.244582 0 0 0 1
  4.44351464 266.896785 0 0 0 1
  4.46861925 266.445957 0 0 0 1
  4.49372385 265.910954 0 0 0 1
  End: C 4.49372385
