Bub 1 0.012791
  Start: N 0
  0 259.055350 0 0 0 1
  0.0251046025 259.331542 0 0 0 1
  0.050209205 259.577683 0 0 0 1
  0.0753138075 259.826126 0 0 0 1
  0.10041841 260.107761 0 0 0 1
  0.125523013 260.438209 0 0 0 1
  0.150627615 260.815513 0 0 0 1
  0.175732218 261.222778 0 0 0 1
  0.20083682 261.633756 0 0 0 1
  0.225941423 262.019671 0 0 0 1
  0.251046025 262.360198 0 0 0 1
  0.276150628 262.654601 0 0 0 1
  0.30125523 262.911712 0 0 0 1
  0.326359833 263.136744 0 0 0 1
  0.351464435 263.325037 0 0 0 1
  0.376569038 263.469742 0 0 0 1
  0.40167364 263.573419 0 0 0 1
  0.426778243 263.654034 0 0 0 1
  0.451882845 263.739521 0 0 0 1
  0.476987448 263.855238 0 0 0 1
  0.50209205 264.012081 0 0 0 1
  0.527196653 264.203956 0 0 0 1
  0.552301255 264.410566 0 0 0 1
  0.577405858 264.603613 0 0 0 1
  0.60251046 264.744948 0 0 0 1
  0.627615063 264.792141 0 0 0 1
  0.652719665 264.708647 0 0 0 1
  0.677824268 264.486950 0 0 0 1
  0.70292887 264.153214 0 0 0 1
  0.728033473 263.761045 0 0 0 1
  0.753138075 263.372470 0 0 0 1
  0.778242678 263.037887 0 0 0 1
  0.80334728 262.785732 0 0 0 1
  0.828451883 262.620282 0 0 0 1
  0.853556485 262.528733 0 0 0 1
  0.878661088 262.489143 0 0 0 1
  0.90376569 262.476450 0 0 0 1
  0.928870293 262.466028 0 0 0 1
  0.953974895 262.436290 0 0 0 1
  0.979079498 262.368617 0 0 0 1
  1.0041841 262.245397 0 0 0 1
  1.0292887 262.049971 0 0 0 1
  1.05439331 261.772331 0 0 0 1
  1.07949791 261.414043 0 0 0 1
  1.10460251 260.999518 0 0 0 1
  1.12970711 260.578612 0 0 0 1
  1.15481172 260.218240 0 0 0 1
  1.17991632 259.970331 0 0 0 1
  1.20502092 259.849537 0 0 0 1
  1.23012552 259.838517 0 0 0 1
  1.25523013 259.912772 0 0 0 1
  1.28033473 260.055954 0 0 0 1
  1.30543933 260.261807 0 0 0 1
  1.33054393 260.531107 0 0 0 1
  1.35564854 260.865141 0 0 0 1
  1.38075314 261.259496 0 0 0 1
  1.40585774 261.701019 0 0 0 1
  1.43096234 262.165226 0 0 0 1
  1.45606695 262.622367 0 0 0 1
  1.48117155 263.042733 0 0 0 1
  1.50627615 263.403991 0 0 0 1
  1.53138075 263.694714 0 0 0 1
  1.55648536 263.910170 0 0 0 1
  1.58158996 264.048957 0 0 0 1
  1.60669456 264.114582 0 0 0 1
  1.63179916 264.117321 0 0 0 1
  1.65690377 264.074884 0 0 0 1
  1.68200837 264.010619 0 0 0 1
  1.70711297 263.948666 0 0 0 1
  1.73221757 263.909143 0 0 0 1
  1.75732218 263.905515 0 0 0 1
  1.78242678 263.946410 0 0 0 1
  1.80753138 264.036960 0 0 0 1
  1.83263598 264.177466 0 0 0 1
  1.85774059 264.371950 0 0 0 1
  1.88284519 264.628002 0 0 0 1
  1.90794979 264.944252 0 0 0 1
  1.93305439 265.304078 0 0 0 1
  1.958159 265.660139 0 0 0 1
  1.9832636 265.930432 0 0 0 1
  2.0083682 266.011233 0 0 0 1
  2.0334728 265.824336 0 0 0 1
  2.05857741 265.362210 0 0 0 1
  2.08368201 264.691975 0 0 0 1
  2.10878661 263.919016 0 0 0 1
  2.13389121 263.146620 0 0 0 1
  2.15899582 262.453482 0 0 0 1
  2.18410042 261.886734 0 0 0 1
  2.20920502 261.467788 0 0 0 1
  2.23430962 261.199473 0 0 0 1
  2.25941423 261.064835 0 0 0 1
  2.28451883 261.018838 0 0 0 1
  2.30962343 260.985327 0 0 0 1
  2.33472803 260.882958 0 0 0 1
  2.35983264 260.660010 0 0 0 1
  2.38493724 260.315015 0 0 0 1
  2.41004184 259.879374 0 0 0 1
  2.43514644 259.394244 0 0 0 1
  2.46025105 258.903605 0 0 0 1
  2.48535565 258.444312 0 0 0 1
  2.51046025 258.030950 0 0 0 1
  2.53556485 257.670838 0 0 0 1
  2.56066946 257.405456 0 0 0 1
  2.58577406 257.324466 0 0 0 1
  2.61087866 257.520757 0 0 0 1
  2.63598326 258.022764 0 0 0 1
  2.66108787 258.772846 0 0 0 1
  2.68619247 259.670854 0 0 0 1
  2.71129707 260.618655 0 0 0 1
  2.73640167 261.532540 0 0 0 1
  2.76150628 262.341101 0 0 0 1
  2.78661088 262.991966 0 0 0 1
  2.81171548 263.455284 0 0 0 1
  2.83682008 263.725695 0 0 0 1
  2.86192469 263.816438 0 0 0 1
  2.88702929 263.755084 0 0 0 1
  2.91213389 263.572285 0 0 0 1
  2.93723849 263.295146 0 0 0 1
  2.9623431 262.945432 0 0 0 1
  2.9874477 262.541941 0 0 0 1
  3.0125523 262.104228 0 0 0 1
  3.0376569 261.653751 0 0 0 1
  3.06276151 261.209021 0 0 0 1
  3.08786611 260.783793 0 0 0 1
  3.11297071 260.390762 0 0 0 1
  3.13807531 260.041073 0 0 0 1
  3.16317992 259.744272 0 0 0 1
  3.18828452 259.507087 0 0 0 1
  3.21338912 259.331104 0 0 0 1
  3.23849372 259.208496 0 0 0 1
  3.26359833 259.123880 0 0 0 1
  3.28870293 259.059386 0 0 0 1
  3.31380753 259.001940 0 0 0 1
  3.33891213 258.954287 0 0 0 1
  3.36401674 258.934026 0 0 0 1
  3.38912134 258.962959 0 0 0 1
  3.41422594 259.052983 0 0 0 1
  3.43933054 259.201048 0 0 0 1
  3.46443515 259.385353 0 0 0 1
  3.48953975 259.581400 0 0 0 1
  3.51464435 259.762964 0 0 0 1
  3.53974895 259.900606 0 0 0 1
  3.56485356 259.959380 0 0 0 1
  3.58995816 259.899771 0 0 0 1
  3.61506276 259.696093 0 0 0 1
  3.64016736 259.357349 0 0 0 1
  3.66527197 258.926803 0 0 0 1
  3.69037657 258.464326 0 0 0 1
  3.71548117 258.036443 0 0 0 1
  3.74058577 257.698030 0 0 0 1
  3.76569038 257.477207 0 0 0 1
  3.79079498 257.370306 0 0 0 1
  3.81589958 257.347657 0 0 0 1
  3.84100418 257.371402 0 0 0 1
  3.86610879 257.412062 0 0 0 1
  3.89121339 257.461052 0 0 0 1
  3.91631799 257.531677 0 0 0 1
  3.94142259 257.659187 0 0 0 1
  3.9665272 257.890138 0 0 0 1
  3.9916318 258.252293 0 0 0 1
  4.0167364 258.740403 0 0 0 1
  4.041841 259.321241 0 0 0 1
  4.06694561 259.947335 0 0 0 1
  4.09205021 260.573236 0 0 0 1
  4.11715481 261.161976 0 0 0 1
  4.14225941 261.696569 0 0 0 1
  4.16736402 262.189986 0 0 0 1
  4.19246862 262.678045 0 0 0 1
  4.21757322 263.192739 0 0 0 1
  4.24267782 263.753032 0 0 0 1
  4.26778243 264.346345 0 0 0 1
  4.29288703 264.932491 0 0 0 1
  4.31799163 265.452265 0 0 0 1
  4.34309623 265.835437 0 0 0 1
  4.36820084 266.020674 0 0 0 1
  4.39330544 265.975755 0 0 0 1
  4.41841004 265.710355 0 0 0 1
  4.44351464 265.265368 0 0 0 1
  4.46861925 264.693380 0 0 0 1
  4.49372385 264.048364 0 0 0 1
  End: C 4.49372385
