Bub 1 0.012791
  Start: N 0
  0 261.221957 0 0 0 1
  0.0251046025 261.317699 0 0 0 1
  0.050209205 261.421018 0 0 0 1
  0.0753138075 261.590698 0 0 0 1
  0.10041841 261.867946 0 0 0 1
  0.125523013 262.249697 0 0 0 1
  0.150627615 262.711758 0 0 0 1
  0.175732218 263.212880 0 0 0 1
  0.20083682 263.710273 0 0 0 1
  0.225941423 264.165713 0 0 0 1
  0.251046025 264.557247 0 0 0 1
  0.276150628 264.885663 0 0 0 1
  0.30125523 265.164539 0 0 0 1
  0.326359833 265.402954 0 0 0 1
  0.351464435 265.601117 0 0 0 1
  0.376569038 265.755293 0 0 0 1
  0.40167364 265.864296 0 0 0 1
  0.426778243 265.933365 0 0 0 1
  0.451882845 265.976419 0 0 0 1
  0.476987448 266.010443 0 0 0 1
  0.50209205 266.053129 0 0 0 1
  0.527196653 266.112699 0 0 0 1
  0.552301255 266.194398 0 0 0 1
  0.577405858 266.295391 0 0 0 1
  0.60251046 266.402520 0 0 0 1
  0.627615063 266.492568 0 0 0 1
  0.652719665 266.537683 0 0 0 1
  0.677824268 266.517730 0 0 0 1
  0.70292887 266.424815 0 0 0 1
  0.728033473 266.269774 0 0 0 1
  0.753138075 266.073111 0 0 0 1
  0.778242678 265.858813 0 0 0 1
  0.80334728 265.645384 0 0 0 1
  0.828451883 265.443075 0 0 0 1
  0.853556485 265.250311 0 0 0 1
  0.878661088 265.062331 0 0 0 1
  0.90376569 264.869149 0 0 0 1
  0.928870293 264.662225 0 0 0 1
  0.953974895 264.436989 0 0 0 1
  0.979079498 264.186561 0 0 0 1
  1.0041841 263.907801 0 0 0 1
  1.0292887 263.593920 0 0 0 1
  1.05439331 263.240650 0 0 0 1
  1.07949791 262.844265 0 0 0 1
  1.10460251 262.419914 0 0 0 1
  1.12970711 262.002776 0 0 0 1
  1.15481172 261.639256 0 0 0 1
  1.17991632 261.370537 0 0 0 1
  1.20502092 261.210934 0 0 0 1
  1.23012552 261.150438 0 0 0 1
  1.25523013 261.170861 0 0 0 1
  1.28033473 261.259390 0 0 0 1
  1.30543933 261.413196 0 0 0 1
  1.33054393 261.636854 0 0 0 1
  1.35564854 261.938631 0 0 0 1
  1.38075314 262.321079 0 0 0 1
  1.40585774 262.779413 0 0 0 1
  1.43096234 263.289358 0 0 0 1
  1.45606695 263.819256 0 0 0 1
  1.48117155 264.333424 0 0 0 1
  1.50627615 264.807017 0 0 0 1
  1.53138075 265.231402 0 0 0 1
  1.55648536 265.599723 0 0 0 1
  1.58158996 265.912696 0 0 0 1
  1.60669456 266.172472 0 0 0 1
  1.63179916 266.385467 0 0 0 1
  1.65690377 266.560498 0 0 0 1
  1.68200837 266.709412 0 0 0 1
  1.70711297 266.839800 0 0 0 1
  1.73221757 266.958191 0 0 0 1
  1.75732218 267.063708 0 0 0 1
  1.78242678 267.160922 0 0 0 1
  1.80753138 267.253298 0 0 0 1
  1.83263598 267.354724 0 0 0 1
  1.85774059 267.465244 0 0 0 1
  1.88284519 267.593961 0 0 0 1
  1.90794979 267.730877 0 0 0 1
  1.93305439 267.868311 0 0 0 1
  1.958159 267.984570 0 0 0 1
  1.9832636 268.044316 0 0 0 1
  2.0083682 268.002077 0 0 0 1
  2.0334728 267.821917 0 0 0 1
  2.05857741 267.484727 0 0 0 1
  2.08368201 267.001698 0 0 0 1
  2.10878661 266.401091 0 0 0 1
  2.13389121 265.736538 0 0 0 1
  2.15899582 265.070894 0 0 0 1
  2.18410042 264.439984 0 0 0 1
  2.20920502 263.861968 0 0 0 1
  2.23430962 263.340491 0 0 0 1
  2.25941423 262.883560 0 0 0 1
  2.28451883 262.504016 0 0 0 1
  2.30962343 262.203526 0 0 0 1
  2.33472803 261.971951 0 0 0 1
  2.35983264 261.783548 0 0 0 1
  2.38493724 261.595625 0 0 0 1
  2.41004184 261.358667 0 0 0 1
  2.43514644 261.042807 0 0 0 1
  2.46025105 260.656319 0 0 0 1
  2.48535565 260.242077 0 0 0 1
  2.51046025 259.895034 0 0 0 1
  2.53556485 259.731625 0 0 0 1
  2.56066946 259.825520 0 0 0 1
  2.58577406 260.188381 0 0 0 1
  2.61087866 260.730345 0 0 0 1
  2.63598326 261.322933 0 0 0 1
  2.66108787 261.900351 0 0 0 1
  2.68619247 262.445755 0 0 0 1
  2.71129707 262.960131 0 0 0 1
  2.73640167 263.430509 0 0 0 1
  2.76150628 263.832024 0 0 0 1
  2.78661088 264.143733 0 0 0 1
  2.81171548 264.349747 0 0 0 1
  2.83682008 264.444208 0 0 0 1
  2.86192469 264.427533 0 0 0 1
  2.88702929 264.312186 0 0 0 1
  2.91213389 264.114954 0 0 0 1
  2.93723849 263.856998 0 0 0 1
  2.9623431 263.554990 0 0 0 1
  2.9874477 263.224992 0 0 0 1
  3.0125523 262.882370 0 0 0 1
  3.0376569 262.545138 0 0 0 1
  3.06276151 262.226532 0 0 0 1
  3.08786611 261.934603 0 0 0 1
  3.11297071 261.673099 0 0 0 1
  3.13807531 261.441119 0 0 0 1
  3.16317992 261.236873 0 0 0 1
  3.18828452 261.067859 0 0 0 1
  3.21338912 260.951116 0 0 0 1
  3.23849372 260.897430 0 0 0 1
  3.26359833 260.898083 0 0 0 1
  3.28870293 260.936838 0 0 0 1
  3.31380753 261.003321 0 0 0 1
  3.33891213 261.099823 0 0 0 1
  3.36401674 261.233323 0 0 0 1
  3.38912134 261.405031 0 0 0 1
  3.41422594 261.606041 0 0 0 1
  3.43933054 261.819252 0 0 0 1
  3.46443515 262.009616 0 0 0 1
  3.48953975 262.135582 0 0 0 1
  3.51464435 262.174427 0 0 0 1
  3.53974895 262.107334 0 0 0 1
  3.56485356 261.925954 0 0 0 1
  3.58995816 261.628402 0 0 0 1
  3.61506276 261.235503 0 0 0 1
  3.64016736 260.787696 0 0 0 1
  3.66527197 260.326443 0 0 0 1
  3.69037657 259.885647 0 0 0 1
  3.71548117 259.502975 0 0 0 1
  3.74058577 259.210679 0 0 0 1
  3.76569038 259.038035 0 0 0 1
  3.79079498 259.001815 0 0 0 1
  3.81589958 259.093284 0 0 0 1
  3.84100418 259.264173 0 0 0 1
  3.86610879 259.491499 0 0 0 1
  3.89121339 259.769588 0 0 0 1
  3.91631799 260.087751 0 0 0 1
  3.94142259 260.436511 0 0 0 1
  3.9665272 260.814620 0 0 0 1
  3.9916318 261.217317 0 0 0 1
  4.0167364 261.638538 0 0 0 1
  4.041841 262.072529 0 0 0 1
  4.06694561 262.524451 0 0 0 1
  4.09205021 262.988721 0 0 0 1
  4.11715481 263.466689 0 0 0 1
  4.14225941 264.002356 0 0 0 1
  4.16736402 264.609226 0 0 0 1
  4.19246862 265.242564 0 0 0 1
  4.21757322 265.833143 0 0 0 1
  4.24267782 266.349299 0 0 0 1
  4.26778243 266.773390 0 0 0 1
  4.29288703 267.099622 0 0 0 1
  4.31799163 267.324130 0 0 0 1
  4.34309623 267.438846 0 0 0 1
  4.36820084 267.438590 0 0 0 1
  4.39330544 267.324799 0 0 0 1
  4.41841004 267.105481 0 0 0 1
  4.44351464 266.788591 0 0 0 1
  4.46861925 266.377623 0 0 0 1
  4.49372385 265.886989 0 0 0 1
  4.51882845 265.353634 0 0 0 1
  4.54393305 264.809700 0 0 0 1
  4.56903766 264.280018 0 0 0 1
  4.59414226 263.778374 0 0 0 1
  4.61924686 263.304549 0 0 0 1
  4.64435146 262.867453 0 0 0 1
  4.66945607 262.466561 0 0 0 1
  4.69456067 262.121520 0 0 0 1
  4.71966527 261.842287 0 0 0 1
  4.74476987 261.602080 0 0 0 1
  4.76987448 261.350192 0 0 0 1
  4.79497908 261.057402 0 0 0 1
  4.82008368 260.733266 0 0 0 1
  4.84518828 260.413692 0 0 0 1
  4.87029289 260.145613 0 0 0 1
  4.89539749 259.968658 0 0 0 1
  4.92050209 259.904887 0 0 0 1
  4.94560669 259.954650 0 0 0 1
  4.9707113 260.102789 0 0 0 1
  4.9958159 260.328243 0 0 0 1
  5.0209205 260.611734 0 0 0 1
  5.0460251 260.945330 0 0 0 1
  5.07112971 261.322621 0 0 0 1
  5.09623431 261.726321 0 0 0 1
  5.12133891 262.135238 0 0 0 1
  5.14644351 262.538660 0 0 0 1
  5.17154812 262.928158 0 0 0 1
  5.19665272 263.294442 0 0 0 1
  5.22175732 263.631945 0 0 0 1
  5.24686192 263.924696 0 0 0 1
  5.27196653 264.163288 0 0 0 1
  5.29707113 264.340514 0 0 0 1
  5.32217573 264.463281 0 0 0 1
  5.34728033 264.555134 0 0 0 1
  5.37238494 264.637806 0 0 0 1
  5.39748954 264.726469 0 0 0 1
  5.42259414 264.816235 0 0 0 1
  5.44769874 264.888789 0 0 0 1
  5.47280335 264.930095 0 0 0 1
  5.49790795 264.931990 0 0 0 1
  5.52301255 264.896778 0 0 0 1
  5.54811715 264.842091 0 0 0 1
  5.57322176 264.794011 0 0 0 1
  5.59832636 264.777535 0 0 0 1
  5.62343096 264.820718 0 0 0 1
  5.64853556 264.938560 0 0 0 1
  5.67364017 265.145447 0 0 0 1
  5.69874477 265.443265 0 0 0 1
  5.72384937 265.834981 0 0 0 1
  5.74895397 266.316439 0 0 0 1
  5.77405858 266.885610 0 0 0 1
  5.79916318 267.545796 0 0 0 1
  5.82426778 268.307997 0 0 0 1
  5.84937238 269.182123 0 0 0 1
  5.87447699 270.154762 0 0 0 1
  5.89958159 271.188808 0 0 0 1
  5.92468619 272.230966 0 0 0 1
  5.94979079 273.218431 0 0 0 1
  5.9748954 274.094799 0 0 0 1
  6 274.807770 0 0 0 1
  End: C 6
